4294967294,0
4294967278,132
4294967278,131
4294967278,130
4294967278,129
4294967278,128
4294967278,127
4294967278,126
4294967278,125
4294967278,124
4294967278,123
4294967278,122
4294967278,121
4294967278,120
4294967278,119
4294967278,118
4294967278,117
4294967278,116
4294967278,115
4294967278,114
4294967278,113
4294967278,112
4294967278,111
4294967278,110
4294967278,109
4294967278,108
4294967278,107
4294967278,106
4294967278,105
4294967278,104
4294967278,103
4294967278,102
4294967278,101
4294967278,100
4294967278,99
4294967278,98
4294967278,97
4294967278,96
4294967278,95
4294967278,94
4294967278,93
4294967278,92
4294967278,91
4294967278,90
4294967278,89
4294967278,87
4294967278,86
4294967278,85
4294967278,84
4294967278,83
4294967278,82
4294967278,81
4294967278,80
4294967278,79
4294967278,78
4294967278,77
4294967278,76
4294967278,75
4294967278,74
4294967278,73
4294967278,72
4294967278,71
4294967278,70
4294967278,69
4294967278,68
4294967278,67
4294967278,66
4294967278,65
4294967278,64
4294967278,63
4294967278,62
4294967279,89
4294967279,87
4294967279,86
4294967279,85
4294967279,84
4294967279,83
4294967279,82
4294967279,81
4294967279,80
4294967279,79
4294967279,78
4294967279,77
4294967279,76
4294967279,75
4294967279,74
4294967279,73
4294967279,72
4294967279,71
4294967279,70
4294967279,69
4294967279,68
4294967279,67
4294967279,66
4294967279,65
4294967279,64
4294967279,63
4294967279,62
4294967279,61
4294967279,60
4294967279,59
4294967279,58
4294967279,57
4294967279,56
4294967279,55
4294967279,54
4294967279,53
4294967279,52
4294967279,51
4294967279,50
4294967279,49
4294967279,48
4294967279,47
4294967279,46
4294967279,45
4294967279,44
4294967279,43
4294967279,42
4294967279,41
4294967279,40
4294967279,39
4294967279,38
4294967279,37
4294967279,36
4294967279,35
4294967279,34
4294967279,33
4294967279,32
4294967279,31
4294967279,30
4294967279,29
4294967279,28
4294967279,27
4294967279,26
4294967279,25
4294967279,24
4294967279,23
4294967279,22
4294967279,21
4294967279,20
4294967279,19
4294967279,18
4294967279,17
4294967279,16
4294967279,15
4294967279,14
4294967279,13
4294967279,12
4294967279,11
4294967279,10
4294967279,9
4294967279,8
4294967279,7
4294967279,6
4294967279,5
4294967279,4
4243767290,0
559,5
559,4
559,3
559,2
559,1
558,4
558,3
558,2
558,1
557,4
557,3
557,2
557,1
4294967294,1419
4294967278,372
556,5
556,4
556,3
556,2
556,1
555,4
555,3
555,2
555,1
554,4
554,3
554,2
554,1
553,5
553,4
553,3
553,2
553,1
552,4
552,3
552,2
552,1
551,4
551,3
551,2
551,1
4294967278,371
550,5
550,4
550,3
550,2
550,1
4294967278,370
549,4
549,3
549,2
549,1
4294967279,283
548,4
548,3
548,2
548,1
4294967279,281
547,5
547,4
547,3
547,2
547,1
4294967279,280
546,4
546,3
546,2
546,1
545,4
545,3
545,2
545,1
544,5
544,4
544,3
544,2
544,1
543,4
543,3
543,2
543,1
542,4
542,3
542,2
542,1
4294967279,277
4294967279,275
541,5
541,4
541,3
541,2
541,1
4294967279,274
540,4
540,3
540,2
540,1
539,4
539,3
539,2
539,1
538,5
538,4
538,3
538,2
538,1
537,4
537,3
537,2
537,1
536,4
536,3
536,2
536,1
535,5
535,4
535,3
535,2
535,1
534,4
534,3
534,2
534,1
533,4
533,3
533,2
533,1
4294967278,369
4294967278,368
532,5
532,4
532,3
532,2
532,1
531,4
531,3
531,2
531,1
530,4
530,3
530,2
530,1
529,5
529,4
529,3
529,2
529,1
528,4
528,3
528,2
528,1
527,4
527,3
527,2
527,1
4294967278,367
4294967278,366
526,5
526,4
526,3
526,2
526,1
525,4
525,3
525,2
525,1
524,4
524,3
524,2
524,1
4294967278,365
523,5
523,4
523,3
523,2
523,1
522,4
522,3
522,2
522,1
521,4
521,3
521,2
521,1
4294967278,364
4294967278,363
520,5
520,4
520,3
520,2
520,1
519,4
519,3
519,2
519,1
518,4
518,3
518,2
518,1
4294967278,362
4294967278,361
4294967278,360
4294967278,359
517,5
517,4
517,3
517,2
517,1
4294967278,358
516,4
516,3
516,2
516,1
515,4
515,3
515,2
515,1
4294967279,267
514,5
514,4
514,3
514,2
514,1
513,4
513,3
513,2
513,1
512,4
512,3
512,2
512,1
511,5
511,4
511,3
511,2
511,1
510,4
510,3
510,2
510,1
4294967278,357
509,4
509,3
509,2
509,1
4294967278,356
4294967278,355
508,5
508,4
508,3
508,2
508,1
507,4
507,3
507,2
507,1
506,4
506,3
506,2
506,1
505,5
505,4
505,3
505,2
505,1
504,4
504,3
504,2
504,1
503,4
503,3
503,2
503,1
4294967278,354
4294967278,353
502,5
502,4
502,3
502,2
502,1
501,4
501,3
501,2
501,1
500,4
500,3
500,2
500,1
4294967278,352
499,5
499,4
499,3
499,2
499,1
498,4
498,3
498,2
498,1
497,4
497,3
497,2
497,1
4294967278,351
496,5
496,4
496,3
496,2
496,1
495,4
495,3
495,2
495,1
494,4
494,3
494,2
494,1
493,5
493,4
493,3
493,2
493,1
492,4
492,3
492,2
492,1
491,4
491,3
491,2
491,1
4294967278,350
490,5
490,4
490,3
490,2
490,1
489,4
489,3
489,2
489,1
488,4
488,3
488,2
488,1
487,5
487,4
487,3
487,2
487,1
486,4
486,3
486,2
486,1
485,4
485,3
485,2
485,1
4294967278,349
484,5
484,4
484,3
484,2
484,1
483,4
483,3
483,2
483,1
482,4
482,3
482,2
482,1
481,5
481,4
481,3
481,2
481,1
480,4
480,3
480,2
480,1
479,4
479,3
479,2
479,1
478,5
478,4
478,3
478,2
478,1
4294967279,371
477,4
477,3
477,2
477,1
476,4
476,3
476,2
476,1
475,5
475,4
475,3
475,2
475,1
474,4
474,3
474,2
474,1
473,4
473,3
473,2
473,1
472,5
472,4
472,3
472,2
472,1
471,4
471,3
471,2
471,1
470,4
470,3
470,2
470,1
4294967278,348
4294967279,367
469,5
469,4
469,3
469,2
469,1
468,4
468,3
468,2
468,1
467,4
467,3
467,2
467,1
4294967279,365
466,5
466,4
466,3
466,2
466,1
465,4
465,3
465,2
465,1
464,4
464,3
464,2
464,1
4294967278,347
463,5
463,4
463,3
463,2
463,1
462,4
462,3
462,2
462,1
461,4
461,3
461,2
461,1
460,5
460,4
460,3
460,2
460,1
459,4
459,3
459,2
459,1
458,4
458,3
458,2
458,1
4294967278,346
4294967279,359
457,5
457,4
457,3
457,2
457,1
456,4
456,3
456,2
456,1
455,4
455,3
455,2
455,1
4294967279,358
454,5
454,4
454,3
454,2
454,1
453,4
453,3
453,2
453,1
452,4
452,3
452,2
452,1
4294967278,345
451,5
451,4
451,3
451,2
451,1
450,4
450,3
450,2
450,1
4294967279,356
449,4
449,3
449,2
449,1
448,5
448,4
448,3
